*****************************************************
|                       sha256                      |
|  Pass  | Time to complete all |      Average      |
*****************************************************
0 | 0.618283987045| 2.16269417546e-06|
1 | 3.81469726562e-06| 1.33434210336e-11|
2 | 1.19209289551e-06| 4.16981907301e-12|
3 | 9.53674316406e-07| 3.33585525841e-12|
4 | 9.53674316406e-07| 3.33585525841e-12|
5 | 0.0| 0.0|
6 | 9.53674316406e-07| 3.33585525841e-12|
7 | 0.0| 0.0|
8 | 9.53674316406e-07| 3.33585525841e-12|
9 | 9.53674316406e-07| 3.33585525841e-12|
Total time: 0.618293762207Average time: 2.16272836798e-07