*****************************************************
|                       sha512                      |
|  Pass  | Time to complete all |      Average      |
*****************************************************
0 | 0.840609073639| 2.94036459861e-06|
1 | 4.05311584473e-06| 1.41773848482e-11|
2 | 9.53674316406e-07| 3.33585525841e-12|
3 | 0.0| 0.0|
4 | 1.19209289551e-06| 4.16981907301e-12|
5 | 1.19209289551e-06| 4.16981907301e-12|
6 | 9.53674316406e-07| 3.33585525841e-12|
7 | 9.53674316406e-07| 3.33585525841e-12|
8 | 9.53674316406e-07| 3.33585525841e-12|
9 | 9.53674316406e-07| 3.33585525841e-12|
Total time: 0.840620279312Average time: 2.94040379491e-07